1234 121 130 125 120 110 180 180
1444 32 30 30 30 30 30 30
1434 48 48 48 48 48 48 48
1567 130 130 130 130 130 130 130
1888 200 200 200 200 200 200 200
1989 130 130 130 130 130 130 130
1777 199 199 200 200 200 200 200
1873 84 84 84 84 84 84 84
1656 200 200 200 200 200 200 200
1290 200 200 200 200 200 200 200
1788 50 50 50 50 50 50 50
1455 101 101 101 101 101 101 101
2017 200 200 200 200 200 200 200
2018 300 300 300 300 300 300 300
2019 250 249 250 250 250 250 250
2020 250 250 250 250 250 250 250
