1234 5 312711 13218 307138 313950 303344
1444 3 312711 307138 13218
1434 6 312711 145629 177643 71333 183570 309098
1567 4 145629 325619 11648 309280
1888 5 145629 177643 309280 71333 183570
1989 6 11648 79627 345974 53586 309101 53560
1777 4 16230 71333 309098 183570
1873 6 203659 308967 127313 309098 183570 71333
1656 5 183570 203659 71333 177643 145629
1290 6 312711 303344 145629 79627 422824 203659
1788 4 309098 183570 71333 145629
1455 4 145629 148574 60884 299199
1000 3 74440 145629 177643
2017 4 299199 74440 194324 145629
2018 4 422824 145629 177643 309280
2019 4 299199 145629 309280 183570
2020 4 145629 309280 177643 71333
